1	48438911657	221.51
1	49340004708	86.12
1	49318045704	89.63
1	49434987367	84.59
1	48591989484	194.32
1	49636573004	88.91
1	49391118415	79.35
1	48243065541	184.42
1	48675840141	182.06
1	446793574275	111.19
1	442785113193	120.77
1	49428639515	83.23
1	444682031593	96.79
1	48555450293	172.13
1	445470364630	119.66
1	49305222778	84.97
1	446635975879	96.57
1	49246736953	85.49
1	48682823635	180.89
1	48317164522	214.50
1	49182352597	76.39
1	49503477814	86.95
1	445096211195	89.72
1	33439944755	29.09
1	48406479429	196.21
1	48584018303	204.70
1	48132361377	198.40
1	444057990452	93.33
1	48320360338	185.25
1	33514447029	28.65
1	445627879263	103.19
1	446576641992	116.04
1	48467633451	231.37
1	446096278925	118.01
1	49123036280	84.09
1	48477196024	222.59
1	49361446181	89.65
1	392632676380	99.47
1	33250715660	29.47
1	444136922714	87.20
1	393478356568	110.54
1	442157081646	118.16
1	442182699564	106.82
1	48127376744	208.40
1	48417508245	186.07
1	48240163806	232.02
1	48633550903	164.75
1	443106829656	84.30
1	48691666313	277.54
1	395630175497	97.93
1	49426402983	85.50
1	48678265437	237.91
1	48304192691	202.03
1	48481996286	273.44
1	48249000707	230.06
1	48616278107	188.92
1	49402905642	92.62
1	443696194614	114.50
1	49385136520	83.87
1	48413740017	232.54
1	49199723616	77.72
1	48259106221	192.39
1	48132020464	253.00
1	49501416725	84.54
1	395201773683	111.47
1	391829997181	139.45
1	48471420443	232.46
1	392380262746	132.30
1	441764390473	122.34
1	445629075512	121.46
1	48506794349	201.19
1	442874357015	90.78
1	49221031475	86.39
1	444402352586	130.60
2	49653705631	90.88
2	49269909334	90.91
2	48484096584	168.40
2	392200559862	126.93
2	396463538699	89.08
2	444583723407	90.27
2	48423957459	220.53
2	48553053555	181.02
2	48429858467	184.41
2	48267540943	171.21
2	49598440963	87.81
2	33146386062	30.84
2	49605937723	82.59
2	48655477787	220.57
2	48526304434	215.35
2	48259890311	214.35
2	48515573292	183.72
2	49199333011	92.33
2	49647834879	87.92
2	49457321590	94.82
2	48485196890	236.30
2	48180942572	224.83
2	48589878794	194.89
2	33199390944	31.31
2	49150018010	86.65
2	444236105656	114.43
2	48400053000	157.86
2	33289662582	27.86
2	49478151522	77.95
2	48211234070	173.87
2	49562375884	87.67
2	49265668275	85.09
2	443394343239	94.44
2	49227639774	82.51
2	48665558222	207.82
2	441927839855	119.28
2	48493904557	179.07
2	48231258508	228.80
2	49659316805	87.13
2	445675333218	96.21
2	392269418271	163.97
2	445978709754	126.13
2	48244659593	221.41
2	441930430174	128.03
2	48634344713	183.64
2	395347793954	149.05
2	48275471162	210.04
2	33466771127	30.39
2	48375461322	219.15
2	445544875365	132.68
2	49197910678	78.02
2	442641417815	125.79
2	391833784853	125.62
2	49178325173	77.36
2	442679661719	88.99
2	49531088013	82.99
2	396867576179	115.41
2	48207313743	196.59
2	444320546292	81.93
2	48431952788	230.16
2	48334066866	151.50
2	48412099957	276.03
2	48317078602	179.74
2	33119762149	30.30
2	49229998492	84.30
2	442012407168	102.04
2	48405140199	157.58
2	33682794169	29.61
2	445029472873	124.61
2	442516566540	121.28
2	48158430649	188.35
2	396631704862	133.29
2	394362154120	112.33
2	48260634694	159.31
2	48391732652	209.00
2	48334417895	215.43
3	48490640933	256.71
3	442175258029	94.69
3	48248499343	200.95
3	394974183993	120.03
3	48334263286	199.69
3	48574540185	239.37
3	48279173358	235.69
3	48284928494	147.58
3	49318978925	82.48
3	48180130748	195.22
3	443188706820	74.80
3	33658342499	27.06
3	444188685535	129.31
3	445230210273	115.68
3	49362441397	87.75
3	48243959966	182.90
3	48630864228	208.01
3	33570755983	28.83
3	394079513827	132.50
3	48683452176	203.90
3	48608816267	215.08
3	48437687378	186.50
3	49651315095	83.02
3	395030225199	120.75
3	48325029124	188.38
3	392810485288	123.31
3	48542879130	210.08
3	48143428237	207.11
3	49462980080	70.18
3	395983031317	127.63
3	48288805049	218.41
3	49238732896	80.11
3	48380764818	195.46
3	48685102843	115.73
3	48366286425	186.54
3	48550300516	181.85
3	444773468234	101.17
3	48594154448	214.62
3	393930392008	162.06
3	48523268716	199.32
3	395110974332	176.70
3	48120040151	180.35
3	48242767193	224.93
3	49341460847	82.03
3	33214041375	29.06
3	49375040660	88.31
3	49549887282	78.86
3	48596443779	194.57
3	48650467324	223.76
3	49679696556	80.74
3	442864192706	121.79
3	48500875700	195.10
3	49282176134	89.82
3	48600871226	200.68
3	48210210617	251.24
3	49230534690	80.19
3	391941404571	142.29
4	443683435459	86.90
4	48381832225	154.30
4	49626848020	86.00
4	33170124518	30.26
4	33488401578	30.26
4	49393537678	90.42
4	395354533679	124.55
4	442965963912	89.98
4	48498919954	128.35
4	392316916501	131.21
4	33235264934	31.62
4	442634572254	78.01
4	49385020941	87.70
4	49595643314	85.89
4	48254580778	245.71
4	48504601707	190.49
4	444152698805	101.45
4	48570529200	217.05
4	49579090319	84.36
4	33667432078	31.27
4	442753513418	103.66
4	395693092252	109.07
4	33536194497	28.63
4	441403169515	108.68
4	48543460164	190.04
4	48507329725	140.48
4	48130083872	186.03
4	49401932873	80.34
4	48273189284	221.53
4	33205192594	31.50
4	49166948703	84.29
4	394426399669	124.55
4	442050928722	127.91
4	49173450413	82.53
4	391908400849	133.97
4	48291184170	175.99
4	48261999825	174.43
4	48588706257	197.05
4	49334716163	89.92
4	49447263972	85.15
4	48571173952	139.51
4	49333418755	87.58
4	48521432317	240.01
4	33500228104	28.61
4	49605425018	80.48
4	48667122384	178.61
4	442387626708	108.16
4	48338479955	170.69
4	444461967006	140.74
4	49676785015	74.28
4	48251645820	189.45
4	49207995067	88.57
4	33391685671	28.41
4	48581522066	203.96
4	33600044451	31.51
4	444224922268	93.08
4	393578577981	149.31
4	444248935162	126.84
4	48183084775	193.56
4	446715177324	104.96
4	48496037319	210.53
4	48209388890	175.07
4	49472499351	86.65
4	394688503710	125.82
4	33138592651	28.02
4	48584163569	181.51
5	391284387657	153.17
5	48412828119	219.14
5	48334637696	186.00
5	49172394708	81.01
5	446116593933	121.71
5	48688467197	121.37
5	443634597354	139.65
5	49369899780	101.73
5	48240192191	265.93
5	48497625028	222.22
5	33590834214	30.90
5	49385869669	83.32
5	443141402930	113.18
5	442972884710	90.33
5	48321586902	186.09
5	48509539235	201.36
5	49568993829	79.53
5	48375401285	187.05
5	445028194842	117.07
5	391677936723	102.23
5	48574423277	211.65
5	394032553609	141.84
5	49135276266	81.57
5	48184874062	196.30
5	49225271832	80.55
5	48157950125	221.32
5	48287808404	252.51
5	444556165991	122.33
5	444372197134	95.32
5	33689678530	31.87
5	33585090606	29.95
5	49397800460	88.70
5	48471615891	178.59
5	48693687642	157.62
5	443070270689	101.68
5	49495471369	83.51
5	441967116632	109.35
5	391686467482	146.31
5	49540129780	86.19
5	442654325143	120.78
5	49611853892	77.24
5	49385401973	95.16
5	48306744440	201.52
5	49318769872	90.01
5	48572191423	179.25
5	49476556545	85.81
5	445143320079	96.71
5	49285812133	87.80
5	395203670461	152.16
5	393503774013	165.15
5	48664380852	201.34
5	445210270281	111.66
5	48332317593	179.44
5	49233720708	79.36
5	49566909701	86.17
5	33335796133	30.24
5	33148057519	30.16
5	48303840568	217.39
5	446334010346	105.14
5	48619138957	244.70
5	445705083951	111.49
5	49450335291	88.88
5	444060681861	99.42
5	49344729228	89.56
5	48613950113	254.05
5	443500899602	82.02
5	441616728448	141.95
5	49327388654	85.64
5	393272687131	141.71
5	49118490196	81.09
5	48554507036	185.26
5	393251705162	103.49
5	444444098996	96.59
5	49520023113	84.68
5	48620307663	198.74
5	441614754868	105.57
5	48317375154	177.23
5	444321274982	119.40
5	443560130295	87.30
5	48491296636	275.30
5	444711384950	117.83
5	442601389017	125.93
5	394641071660	117.48
5	48550141439	219.66
5	392614557739	103.50
5	48251872260	240.05
5	48480652115	174.69
5	444739824205	90.83
5	446065884990	97.02
5	391860589385	129.16
5	48374505417	177.40
5	442890531012	105.80
5	48170750668	190.36
5	441693510764	128.56
5	48120398562	243.44
5	48628950069	228.42
5	48207468919	221.70
5	441249245135	148.77
5	48464756785	186.04
5	49699518331	83.60
5	395317856368	113.42
5	48282720864	168.37
5	446329772075	125.49
5	48132699082	185.50
5	442327867311	86.87
5	443091717497	105.43
5	49676832542	88.89
5	49307458203	92.09
5	33190468092	31.16
5	48672911955	202.36
5	49674612308	81.58
5	49400811100	88.42
5	48345014099	228.36
5	48238565073	192.13
5	441196682169	121.08
5	445979099890	88.19
5	49527880169	78.65
5	48508271275	144.64
5	48591684213	161.06
5	442297800135	119.24
5	48418849619	199.73
5	48455852476	283.18
5	48422947153	273.45
5	442629291628	100.71
5	49475768191	82.18
5	446086776831	137.03
5	48252780473	237.04
5	48334792394	210.59
5	49656352581	80.79
5	48343428911	229.04
5	49478429814	82.58
5	49359390242	87.98
5	33297270693	29.05
5	394720525118	139.67
5	49593238979	83.94
5	445681178431	127.28
5	48541082637	210.00
5	392965991117	153.20
5	49344774101	88.33
5	48664589251	222.35
5	442023259811	86.45
5	48384641633	169.56
5	441332860805	104.16
5	48271353024	174.35
5	33310315470	30.81
5	48146951067	159.55
5	48415955644	197.32
5	48166887627	192.47
5	443137329729	139.65
5	48334331758	228.05
5	48449408532	207.82
5	49209752580	87.26
5	48397445944	207.82
5	48207979254	227.13
5	48217257557	234.29
5	443672239879	101.89
5	48697097798	177.71
5	442297544778	113.62
5	48267753991	149.69
5	48572965271	239.21
5	443832662189	123.74
5	48623483401	197.90
5	33182942103	29.09
5	48296544802	196.14
5	443551958357	107.83
5	48476041406	176.09
5	49412188715	78.85
5	444071596810	87.93
5	49333433851	79.35
5	442413038379	107.94
5	443265119133	121.94
5	48400789294	255.16
5	49215989707	80.68
5	48205891033	200.45
5	48669086660	292.74
5	48276005075	176.03
5	48659172366	278.65
5	396551953618	89.68
5	446065587458	129.89
5	444946692665	110.17
5	48493234788	190.32
5	48519317382	159.84
5	48305645082	236.30
5	48699238241	199.98
5	49419666242	93.01
5	48341459654	203.03
5	446927431370	98.81
5	48512796183	185.92
5	444529682243	129.71
5	443592780676	122.45
6	391153400346	149.08
6	48487662393	286.88
6	48169337329	212.88
6	48247759389	186.83
6	49119952153	79.78
6	48571173206	198.02
6	49173076210	83.47
6	48464595244	238.19
6	48362709200	213.63
6	33660730670	32.17
6	33504117355	29.34
6	49436632277	89.01
6	48521805540	175.74
6	48370776869	192.12
6	48400761777	198.84
6	395422620538	113.10
6	391278120485	126.56
6	49114817089	95.29
6	48242868666	183.28
6	48170328719	182.13
6	48644637648	200.74
6	444381777529	121.23
6	33296152589	31.72
6	33286091147	30.22
6	445114790981	104.94
6	48439550849	173.83
6	48112681641	195.46
6	393278220170	132.17
6	444993274057	90.39
6	446002840539	108.37
6	395257010332	134.12
6	33260330097	29.01
6	49606965933	81.54
6	446491979259	110.90
6	49659377835	88.77
6	444988625943	105.01
6	441802921739	83.71
6	49534675485	87.74
6	48232881091	162.70
6	48520101344	187.12
6	48336005367	281.62
6	441164617844	116.63
6	49623377118	85.40
6	48212007335	216.00
6	441202326958	111.02
6	48218264720	228.30
6	444817527687	119.45
6	443153174752	126.16
6	48272503155	224.68
6	446550258131	113.40
6	48395581785	188.67
6	48280543027	258.48
6	444371972295	136.27
6	48422652978	241.60
6	395784220038	121.50
6	392503421503	145.29
6	48197686708	209.21
6	33195197456	32.67
6	48404458842	192.94
6	48322830455	247.35
6	49361021365	79.32
6	49312430102	87.62
6	395630621606	121.34
6	33669521208	27.11
6	391412423665	139.68
6	443146746725	127.76
6	49242793988	78.03
6	48313844426	181.13
6	48621374475	196.41
6	446632391611	104.97
6	48370960184	198.02
6	445689021762	84.38
6	48434015115	232.07
6	49518645640	84.86
6	49679390862	78.01
6	441718716668	152.89
6	49203857966	86.36
6	394932614474	132.30
6	392009556728	102.06
6	49549059333	85.10
6	444800020840	113.82
6	444903901902	110.45
6	48291546230	225.38
6	445498676293	70.34
6	49587758639	90.34
6	48165422164	186.19
6	442973252554	126.61
6	33112337079	29.68
6	48542824837	236.51
6	443908108191	137.34
6	48658225668	209.36
6	48647129843	177.52
6	48196153748	218.40
6	443368627892	98.15
6	48561095033	207.31
6	48470427517	154.98
6	445012549503	106.31
6	394278324054	139.61
6	48475475885	243.66
6	48522636755	205.00
6	49288611882	90.59
6	48204553071	180.72
6	49252509607	81.62
6	49270267023	88.57
6	49371609657	86.83
6	49482120327	84.61
6	441782083316	112.88
6	48295621774	162.60
6	48381098936	197.27
6	48298322179	180.35
6	48609606396	161.54
6	393052318247	143.78
6	48422615257	207.45
6	391829937029	94.91
6	445814351904	135.73
6	392402298956	123.05
6	48381684724	181.07
6	48540369999	195.62
6	48158661286	197.31
6	443245659974	114.36
6	49626228351	86.60
6	49198801818	85.47
6	49496782380	92.23
6	49114153926	81.82
6	48599583551	205.29
6	48523602905	225.39
6	48311291850	211.00
6	48451024976	171.20
6	48303910032	178.55
6	48179204583	181.69
6	48689370684	183.84
6	49278827433	76.44
6	391466623002	117.41
6	48281893063	186.39
6	48488074246	192.95
6	441855785943	107.42
6	48457037809	261.46
6	48589727408	162.78
6	48615392174	217.95
6	393065689480	123.16
6	446671947828	113.02
6	445492896101	118.48
6	443747125497	88.83
6	48193397388	252.08
6	48345643567	198.14
6	443071295888	116.38
6	441341355449	104.87
6	441290777410	111.87
6	49420367091	85.45
6	444834580454	91.25
6	33278948653	28.66
6	48426299271	219.17
6	49500221760	88.06
6	49408365775	88.76
6	48668874661	235.15
6	49175986447	89.15
6	48474573749	252.49
6	442572184276	102.05
6	48596514439	208.94
6	445129056408	101.17
6	445307531893	99.78
6	444638532547	111.65
6	48136966346	179.32
7	443949052456	120.14
7	48525316576	245.93
7	444507755899	126.10
7	48346389173	204.66
7	48552432079	207.94
7	446619515133	115.13
7	48239175974	161.03
7	49621763937	84.12
7	443815288533	134.09
7	394170843302	116.77
7	393107447475	113.65
7	48687730153	204.03
7	48413117764	236.42
7	48670809866	225.73
7	441441040028	127.68
7	49158864896	83.85
7	48482468771	192.23
7	392165655473	125.04
7	48502486612	204.07
7	48602357664	181.11
7	441225158486	116.88
7	49118064065	87.62
7	33184559740	32.63
7	444472571108	110.34
7	444342699844	98.56
7	48463489556	204.79
7	444174046704	124.57
7	441318517132	103.17
7	33451615617	31.73
7	48233699835	176.05
7	443383043033	96.89
7	49660456893	89.11
7	48556560168	212.99
7	441812582894	96.48
7	48686298279	238.84
7	33588790766	31.14
7	442294455339	141.87
7	442712156664	109.84
7	48291817578	170.51
7	444585917584	108.26
7	442849349632	108.44
7	48346271998	246.97
7	446134463785	82.13
7	48556944569	240.00
7	49443448659	76.14
7	49514663416	74.71
7	49354029575	85.96
7	33639634361	29.74
7	446383205811	82.45
7	443342024616	103.77
7	445389002989	138.19
7	48421120958	196.29
7	396952591140	136.55
7	48662710861	186.61
7	444326839218	105.94
7	48620915814	188.93
7	48560109945	251.73
7	396532689778	113.71
7	48578874964	237.54
7	442443767491	96.48
7	443420195603	127.49
7	445672177273	103.26
7	443911209148	114.01
7	445479676591	126.02
7	48496757729	170.76
7	48636093933	218.27
7	48286198491	248.04
7	48660459245	204.04
7	445633298488	102.18
7	48235731418	234.31
7	48329512713	233.18
7	391317767015	95.80
7	48285264284	199.28
8	444007571228	103.48
8	49631291937	87.07
8	446192840819	138.19
8	48561114532	199.48
8	393951489514	98.65
8	393705263927	136.92
8	48232345681	217.30
8	48176690381	212.56
8	48663638198	163.70
8	48390163632	240.22
8	443137465602	125.04
8	395946043127	130.15
8	446849236233	98.57
8	442707507489	125.85
8	48355295429	220.33
8	48659402540	221.05
8	49157073672	83.15
8	48597689328	219.77
8	441236279006	107.67
8	49288472607	88.52
8	442149157379	104.41
8	48192723038	228.56
8	48437076300	217.78
8	48468136037	172.94
8	48587285668	209.00
8	48621213770	226.25
8	49624318351	83.90
8	444536605618	102.87
8	48376616214	219.48
8	48600018280	240.51
8	441251587248	127.59
8	48376799598	183.10
8	442705834596	122.85
8	395200835264	141.49
8	48578179018	203.75
8	444907721488	127.85
8	393084134674	114.18
8	443976643737	101.53
8	48151447341	228.96
8	48492192753	212.78
8	49125573824	89.09
8	48336863623	189.22
8	446109251326	72.41
8	48240632097	183.34
8	48131956773	197.39
8	48179898601	251.75
8	445221033927	103.33
8	444931844421	108.19
8	48213317562	169.05
8	48352858150	202.98
8	445317269157	110.75
8	49689404155	77.73
8	33480379472	27.48
8	48401885533	233.64
8	445619884288	96.41
8	441931419887	118.28
8	441870032377	122.74
8	48212821603	214.66
8	49643970614	87.46
8	49643691446	91.29
8	48427194002	198.24
8	33129144096	30.40
8	48617189907	209.91
8	33446710967	29.06
8	48578583290	207.28
8	49585296746	92.76
8	48466345501	183.58
8	48111173055	238.97
8	48673095606	164.23
8	49424429866	85.74
8	444418685892	109.61
8	392899141607	133.38
8	396421752993	166.18
8	48183089622	194.70
8	48468716701	212.37
8	48416759371	233.35
8	48462036795	181.48
8	394162184616	91.86
9	446500381052	85.02
9	48138960370	177.56
9	395334584941	124.85
9	48495167975	204.96
9	48236826545	211.17
9	48116177523	228.07
9	48183258548	204.67
9	445469963762	93.46
9	48432853050	194.01
9	48592484847	201.71
9	48135200792	208.00
9	48671916972	179.33
9	442812092545	101.21
9	442373910374	121.18
9	446805032192	104.20
9	48473553542	175.65
9	394021737438	126.14
9	443771220061	120.50
9	48379425662	234.23
9	443791480727	95.57
9	48173837022	253.77
9	446908294309	92.68
9	49324378913	81.21
9	49524497738	93.57
9	445037161045	103.23
9	393374222269	103.59
9	49337791535	84.98
9	49323462327	82.39
9	48147512828	212.81
9	33532052854	31.87
9	33601657747	31.28
9	48511873478	199.48
9	441712623363	85.31
9	48466089051	172.32
9	49635441080	87.56
9	443519996535	106.59
9	48143158172	170.84
9	48685135221	225.17
9	48216036807	197.68
9	49174710292	87.86
9	442999324664	106.13
9	49559516167	96.18
9	48473912622	223.94
9	33208839430	28.55
9	441947935807	151.30
9	394308091524	135.38
9	48554858443	163.15
9	49315445649	88.01
9	48388183678	187.55
9	445903882029	123.11
9	48262024037	185.15
9	48356581165	199.83
9	48688917361	193.05
9	48398921124	205.30
9	446276955458	117.09
9	444795848347	131.87
9	396790882280	113.34
9	48111220685	218.10
9	441146432062	104.64
9	48479628220	249.30
9	48687038962	223.13
9	48271927986	195.00
10	445930879615	121.25
10	33271284040	30.53
10	48268994998	207.42
10	48674319547	124.23
10	48529776588	204.94
10	33645587149	30.82
10	48694755805	226.00
10	442294845558	64.21
10	33333806062	31.94
10	48325058429	201.82
10	48546158300	245.07
10	48234385160	192.41
10	49425925573	90.19
10	48363209592	209.01
10	48394437310	209.20
10	48623461675	193.57
10	445848712329	119.72
10	445366605435	117.45
10	48407367695	211.51
10	48428094515	181.27
10	33138810332	28.51
10	48461514615	231.87
10	33348955693	30.10
10	441508905409	91.75
10	49227412710	91.28
10	49550693879	82.84
10	445648315013	126.20
10	441222732415	98.70
10	33232551241	29.35
10	48369014271	233.02
10	49190639922	88.43
10	441762597529	122.32
10	441521153869	113.18
10	48682658201	231.69
10	48204826609	278.62
10	444864143119	109.86
10	49309840746	83.02
10	48254375748	180.63
10	442129407680	100.09
10	443372847546	98.99
10	48576822046	202.16
10	48375256520	161.19
10	48333765525	213.46
10	33694747499	32.45
10	446066533325	123.54
10	391352259933	109.43
10	443874805618	73.91
10	49536429260	80.93
10	48660858971	200.00
10	446594551179	120.59
10	443070871812	105.10
10	445987480133	94.65
10	48524722674	205.92
10	48400134437	255.45
10	49275066067	87.54
10	33445722980	26.98
10	48532920641	220.43
10	48447179701	219.69
10	49502277673	85.96
10	48391542759	212.65
10	444923906832	115.47
10	391953326409	132.79
10	48319812243	193.98
10	49139066211	83.47
10	48544118867	165.78
10	442237106886	114.88
10	49498955901	81.22
10	393041915095	115.63
10	49366298544	91.24
10	48187307727	257.27
10	48191767872	171.94
10	443305646065	118.53
11	393271835494	110.19
11	48481547497	161.57
11	33436300091	28.63
11	33613361223	27.91
11	394030955319	131.59
11	48159700799	220.05
11	48183422311	262.67
11	49697765860	85.23
11	443548548571	124.76
11	33500365393	31.29
11	441347875715	106.57
11	49641011112	88.48
11	446201172866	129.92
11	49658902477	83.74
11	33115505373	32.15
11	33316504970	27.94
11	48459380496	218.42
11	446885030614	104.30
11	33374401946	30.99
11	444252644190	109.79
11	441840630023	105.21
11	33596529764	30.74
11	49206274768	90.40
11	48264110885	195.65
11	49513839633	93.62
11	48119280800	192.94
11	48302466686	216.42
11	49413000398	84.68
11	48354584822	194.84
11	443569552151	118.84
11	48661128892	215.61
11	441819831127	130.08
11	48382051037	148.09
11	48541617081	258.59
11	33560871526	30.98
11	442927258988	134.16
11	48573240290	233.96
11	443562833584	118.53
11	446700311324	102.75
11	33259584501	31.10
11	48553351621	220.65
11	48409801203	146.62
11	446320923538	92.20
11	444857950327	126.16
11	48156444189	194.44
11	48652129317	228.03
11	49282091532	91.33
11	48694175016	203.82
11	48208014120	211.02
11	48454260915	225.72
11	48242415158	186.55
11	49678512690	83.91
11	33383854779	29.36
11	442991326640	109.86
11	48570616052	235.01
11	48114330930	165.46
11	446224907562	116.75
11	48406360858	222.87
11	48281681137	178.51
11	442075769603	107.72
11	48570708067	222.94
11	392406593598	117.61
11	33377879629	30.11
11	48280176962	173.55
11	391231972342	106.32
11	48273364414	204.70
12	396053203191	122.76
12	48180390087	191.85
12	49653225335	87.29
12	442911657709	92.03
12	446712264754	78.50
12	445434315240	109.18
12	442473950033	99.53
12	48130700101	255.28
12	49631796857	76.70
12	33146907385	33.28
12	49505933415	89.95
12	49294456742	86.82
12	446444597077	95.41
12	48255513622	218.93
12	48430467769	207.16
12	48354108145	145.66
12	442706459817	97.75
12	441785933280	99.78
12	48342800863	208.50
12	48282188327	216.91
12	444313940574	119.68
12	48246336484	201.66
12	48138128677	184.19
12	48482192359	206.19
12	49607921171	85.89
12	49299737890	84.92
12	48134682330	174.28
12	443665232222	89.94
12	49620971890	85.92
12	391486359695	159.82
12	394372855315	94.13
12	441272451716	128.85
12	49343377072	88.74
12	48630785740	176.44
12	49165389261	84.86
12	48258187262	184.41
12	392039153828	132.10
12	442992959883	92.57
12	49292664911	86.99
12	442554607672	116.91
12	48391083586	157.71
12	444794793573	107.86
12	48493056598	205.25
12	49305533551	88.71
12	48131265590	193.89
12	442974507001	114.00
12	48679633757	250.91
12	443715781549	126.96
12	49241859393	83.41
12	49113491688	80.14
12	48171544598	187.17
12	48449599340	233.32
12	48585065705	232.71
12	395198436604	125.05
12	48401772119	222.01
12	49637759836	87.50
12	396643894756	164.10
12	49522411556	80.51
12	48320153823	208.98
12	49540416760	75.86
12	48586088765	185.96
12	48530614212	226.16
12	441832886038	133.86
12	33558486095	33.34
12	48192291710	166.03
12	49488791000	79.74
12	49347407783	87.28
12	391372551216	112.76
12	49691360685	80.41
12	48541936772	233.61
12	49434667946	93.63
12	441418464605	154.62
12	441785671370	123.51
12	48641972533	206.08
12	444371945895	98.03
12	48204317029	143.64
12	393618177533	132.22
12	393017560713	140.13
12	49582111681	85.95
12	49642195206	93.63
12	33612394019	30.56
12	48554438611	236.51
12	442394243904	124.98
12	444614636011	88.88
12	33210946423	30.89
12	48179085594	167.62
12	49161269502	85.73
12	49554312243	88.16
12	48640189483	191.88
12	48296770974	243.53
12	48645771416	218.73
12	48246220718	167.06
12	445864276713	120.00
12	49643568036	89.42
12	49597700723	89.91
12	48365117692	206.92
12	445648768326	126.51
12	396746117344	120.10
12	49588540773	81.22
12	33687135880	29.34
12	48465686793	194.15
12	48470794425	172.31
12	48207653319	241.19
12	48384923916	253.39
12	445490193954	107.09
12	48614210024	196.03
12	48397071687	202.11
12	48599766990	204.83
12	48401239201	212.90
12	394126352960	100.27
12	48651195599	199.68
12	445602642404	90.57
12	48179151275	207.62
12	49636660550	82.68
12	445285614961	122.18
12	48403065316	269.21
12	49142558863	86.76
12	48317291867	205.61
12	442279038155	100.12
12	49539680219	77.07
12	49237896068	86.81
12	393772955048	99.96
12	395819292820	116.19
12	443619395901	106.94
12	48456458643	244.53
12	49122504185	87.07
12	445937177910	113.33
12	48187372209	183.31
12	443063942072	84.48
12	48502727191	214.48
12	48274342419	207.12
12	48301699960	233.08
12	49364587452	90.01
12	48425648463	171.98
12	446509920558	116.81
13	48284993770	227.93
13	48613457440	218.38
13	48451734077	230.08
13	443464508056	100.13
13	48682976087	232.21
13	442972339581	109.20
13	441145797236	101.56
13	49111228147	79.73
13	445443699169	118.99
13	48613443880	200.30
13	48474580980	185.57
13	33257507793	27.43
13	445131353186	90.31
13	33513501313	28.01
13	48271494553	179.77
13	441148608114	105.08
13	48202751837	184.00
13	33322363851	28.87
13	49221768809	95.61
13	48299828388	185.23
13	33590830628	33.28
13	48266724200	220.20
13	48139206751	214.11
13	33512644758	30.66
13	49564468679	90.88
13	396168130186	149.38
13	33344983901	26.82
13	48446163381	195.85
13	442513124460	118.84
13	48176192293	270.78
13	395948883690	127.10
13	48257082932	158.76
13	33203121277	31.60
13	33397488025	32.26
13	49323915488	80.71
13	49523993473	81.96
13	49146169192	76.54
13	442721377644	100.87
13	393167948256	107.51
13	48449992038	197.61
13	48192011021	205.13
13	48125975020	185.93
13	443279382939	96.43
13	33374315404	31.42
13	48605441092	189.65
13	396701782225	138.69
13	444478337552	117.82
13	395566532365	141.98
13	49280093688	80.27
13	443755504602	99.13
13	48199389473	267.30
13	48502970858	215.52
13	48323238463	190.08
13	445876421753	103.01
13	444897600500	92.94
13	441275207162	104.23
13	441382275589	103.66
14	49309642332	92.57
14	442326872955	124.77
14	395306589620	103.04
14	48202944547	196.77
14	49342390389	82.14
14	49244114352	96.94
14	48304791227	186.41
14	396324491658	161.62
14	444076275404	70.03
14	48470641307	218.00
14	442031579572	121.13
14	441562449647	100.07
14	48605144116	197.28
14	33682656927	29.40
14	444421839815	90.61
14	48454557171	187.30
14	393810592710	135.29
14	33630591293	28.85
14	33652404199	28.40
14	49326327129	80.52
14	444624378503	108.78
14	48202968732	209.07
14	48332539777	227.07
14	49564910619	87.80
14	441708975833	107.30
14	49389941099	89.20
14	446526669589	93.83
14	441345844879	101.82
14	48527829783	210.87
14	49549538421	75.27
14	393426832205	137.97
14	394622475990	93.12
14	48690238020	195.00
14	48341905518	219.76
14	441649620697	89.53
14	391717978620	131.53
14	48615226948	202.44
14	48143346063	196.89
14	48122114481	190.36
14	48664475530	168.19
14	49528421054	72.70
14	395320135090	95.60
14	48390935969	286.91
14	48172497515	185.78
14	49521777045	74.45
14	48309165029	218.13
14	441653521265	119.29
14	33601962371	32.26
14	48285290176	177.98
14	33446850967	31.53
14	33154074666	29.24
14	443938924342	135.86
14	441656698861	121.43
14	48696119890	219.83
14	396767205000	135.60
14	48144904871	169.60
14	443552747609	108.10
14	49135385347	93.92
14	396725794006	119.56
14	48513315683	176.02
14	48197115327	213.22
14	395148788870	125.04
14	48561690927	164.42
14	48361847791	213.92
14	49559124855	87.61
14	48546067580	219.37
14	48419594383	241.35
14	445003312579	121.57
14	48280194036	256.53
14	49225651032	78.29
14	49421395947	87.66
14	49606303127	85.38
14	48415018188	180.83
14	443987755210	131.22
14	33433910819	30.59
14	445921117001	136.35
14	393488917305	129.31
14	48197759504	181.68
14	48561005539	175.43
14	48296551089	215.18
14	48142380056	230.06
14	48666583243	133.39
14	48177239368	198.85
14	49693981063	88.92
14	445187952703	141.06
14	49593086434	79.64
14	48645122762	226.94
14	444508748999	129.13
14	48116812129	231.09
14	49218285978	81.29
14	444147414706	113.91
14	48625050380	244.72
14	48335568684	193.29
14	443783111647	111.26
14	441542200690	106.99
14	48328285024	198.77
14	445742490882	100.37
14	49226696475	84.61
14	48661007538	211.52
14	48559470050	162.08
14	391207666932	117.06
14	48526414647	235.80
14	48170588680	168.87
14	48145970474	219.84
14	49216840071	88.78
14	446848453484	137.69
14	49453751872	83.34
14	443668907828	77.00
14	48622118371	221.20
14	48678395459	191.48
14	33216866684	28.99
14	444089770335	127.32
14	48454292091	217.03
14	48696626394	148.85
14	48389463120	253.82
14	49268715509	80.66
14	392538153619	117.32
14	441399938343	104.91
14	446134320583	100.45
14	442308815125	125.33
14	48388565752	169.48
14	48271907995	223.63
14	48696202506	200.57
14	443310314565	76.10
14	48292483113	233.78
15	441682526013	125.10
15	49149035146	90.14
15	48367720781	215.79
15	48257671570	219.61
15	33471117863	31.48
15	48246304763	248.26
15	445338453626	95.21
15	48343224385	217.22
15	48412338693	140.38
15	48359197674	213.79
15	49360329841	78.53
15	48629066135	200.92
15	48588007458	223.54
15	33176243268	28.90
15	48457959143	195.86
15	49565878889	80.51
15	445213734773	114.89
15	393484122281	170.42
15	48336273499	163.80
15	444791364113	110.82
15	48129867639	186.51
15	396077885039	139.33
15	48476687142	180.12
15	442869227187	107.00
15	49571034604	89.10
15	444731298512	142.38
15	49396065652	84.56
15	395566502221	70.47
15	48606262728	280.79
15	48577611505	214.41
15	444340806398	115.99
15	49366321750	88.41
15	441280233338	106.65
15	48144523859	180.62
15	48659924478	197.48
15	48655566146	151.63
15	48241939538	167.19
15	33304549641	28.56
15	49172409047	83.84
15	48538362665	206.21
15	48427100098	157.78
15	48447882435	252.42
15	48673395245	212.05
15	49696142558	82.29
15	441631955111	113.41
15	48502349366	196.78
15	48642197201	174.87
15	48464942270	152.79
15	392424667086	123.70
15	48602580771	200.01
15	48503884844	187.76
15	48210011852	237.89
15	443523980539	96.55
15	33567225469	30.18
15	48113337026	185.45
15	48242571412	204.40
15	48391413453	205.82
15	443198677918	123.20
15	33136080999	29.57
15	441606353279	94.13
15	48507632177	152.80
15	48187580685	232.82
15	394502816840	124.09
15	48181191257	204.85
15	48683506670	234.89
15	441368218075	83.31
15	395714768294	107.99
15	49462796677	82.66
15	446585486100	109.01
15	33320212980	30.28
15	49273829672	84.83
15	443657626945	112.59
15	443945174601	109.30
15	48650793756	155.62
15	48180678065	193.87
15	48521533611	216.29
15	48622454625	195.65
15	444387569173	114.02
15	49599502543	85.25
15	446277490078	97.41
15	441894577402	125.40
15	33396949358	30.00
15	48361085546	184.63
15	392564331103	125.07
15	391241958644	111.03
15	48302171422	174.44
15	393412276416	108.80
15	446283800546	87.20
15	33398652238	31.58
15	49122696664	82.21
15	48187516202	192.92
15	442393369533	87.38
15	445580156474	114.03
15	393091100018	127.03
15	48635171864	232.40
15	48550274048	210.78
15	441954062644	112.10
15	395000903822	114.68
15	48522088091	230.96
15	49407389260	87.38
15	444087853383	108.51
15	49243468435	80.39
15	392562532563	140.86
15	49228104687	85.58
16	48369981475	220.81
16	441834990226	113.51
16	441923138054	113.26
16	48116209380	178.16
16	49360171679	86.67
16	33541620415	29.85
16	442419537973	85.21
16	49395858848	82.64
16	49322397215	87.84
16	48432505898	222.42
16	48664656692	174.94
16	49511436266	88.08
16	396804059801	152.92
16	48409401773	246.83
16	48483515849	179.75
16	393192498037	177.03
16	48467235962	221.85
16	392821989026	126.34
16	444620815947	119.15
16	441931065698	87.68
16	392858807779	133.13
16	48627469043	185.93
16	48295199505	164.99
16	48219017393	185.08
16	48624368343	234.17
16	394488646152	113.84
16	441766448026	95.12
16	445273850912	104.09
16	33303948329	31.06
16	446855359040	105.37
16	444087159661	131.16
16	48118336475	161.31
16	49654920632	91.24
16	48230538713	186.41
16	441238394137	81.99
16	48668785409	204.04
16	441690016809	93.65
16	33638225338	28.22
16	444293152395	128.84
16	48501738759	175.52
16	48698643314	235.75
16	446623235049	98.82
16	49624371626	81.00
16	48123499245	237.41
16	396849165943	131.69
16	49566595267	84.28
16	446327692196	124.64
16	48663419285	234.73
16	49583547356	90.62
16	48686788107	196.23
16	49550910605	81.63
16	48591299002	222.27
16	48310249432	169.81
16	394962607975	118.20
16	48284198672	244.25
16	444702361862	122.57
16	443763173781	123.33
16	48678535356	201.97
16	48251109387	195.15
16	33528789534	31.18
16	33384715882	30.92
16	393674222852	114.12
16	48634956302	227.11
16	48688250061	256.51
16	48369844656	249.81
16	446503186188	132.36
16	391605201362	130.07
16	48682448379	245.48
16	48440441900	116.54
16	49462871176	83.79
16	48681692335	230.63
16	49597643530	83.34
16	446806264333	97.94
16	49334120910	88.37
16	48335375960	201.56
16	442886698381	117.54
16	49176531658	89.63
16	48441277187	214.81
16	48275185125	150.51
16	391622462783	117.31
16	33169604522	33.47
16	48599879213	211.16
16	442424002772	85.55
16	48294616551	171.60
16	48521197661	237.70
16	446036188445	115.37
16	394180316376	130.46
16	48185778051	189.70
16	444881345089	106.29
16	48453159214	193.84
16	48619791682	179.97
16	444644165253	100.35
16	446839692386	99.05
16	48153888846	244.13
16	48471889702	220.58
16	48549974147	220.35
16	443923174197	118.23
16	33309632820	31.11
16	445757396846	90.44
16	446544771938	108.91
16	49535496670	82.66
16	48457392843	182.59
17	48463504400	194.95
17	48650000627	217.22
17	48564656431	287.52
17	446276836076	134.02
17	33415049024	31.79
17	48215713999	207.62
17	48464307482	291.17
17	443506263923	136.26
17	33203199121	28.34
17	33376144748	29.06
17	443708025508	95.31
17	445483667837	98.63
17	441845798806	111.16
17	442819349999	109.59
17	49697109282	87.76
17	446730824119	84.70
17	395077725300	128.81
17	392990057580	118.61
17	48381990492	218.17
17	444142036241	92.24
17	48625791999	254.17
17	392294159902	141.55
17	443557782882	87.62
17	442971078510	64.91
17	49640978106	88.33
17	444194635146	128.49
17	49313083463	89.34
17	49430216607	80.39
17	48627211469	172.05
17	33184092676	29.76
17	48594651107	218.14
17	396335410994	143.64
17	48148497417	255.15
17	48528953117	201.28
17	33142381884	30.94
17	48356810595	244.57
17	446205422396	99.30
17	49250047799	80.46
17	33421215941	30.62
17	446071114452	116.64
17	49448534205	76.16
17	442280745596	91.94
17	446042109614	124.96
17	445042418349	102.40
17	48384004745	193.29
17	48449495405	209.77
17	394071624171	119.18
17	442783065239	109.69
17	49658523950	87.35
17	395964372581	106.87
17	48542699529	249.28
17	441717719285	126.95
17	48342406545	200.10
17	49415069301	96.82
17	33693789990	28.97
17	442928263218	119.77
17	443298408288	93.61
17	445571172523	117.14
17	48695113628	221.65
17	392553094818	118.78
17	48279628014	196.60
17	48681072124	216.97
17	49270312966	86.02
17	48589822922	223.39
17	444891611700	89.75
17	446674420819	129.63
17	49121464228	88.41
17	444713369349	120.55
17	49484594953	83.38
17	48226338996	173.58
17	48536025913	224.45
17	48203383696	202.17
17	48146719157	224.18
17	33314322570	33.07
17	446277718445	107.78
17	48508261721	179.24
17	441411579649	137.81
17	444783272922	106.44
17	442665407689	118.00
17	48488220990	209.81
18	48361292622	228.43
18	48495818339	173.50
18	48139838932	199.97
18	48273165469	186.27
18	444216187083	117.21
18	33469693032	29.77
18	442417840045	122.82
18	48649606222	181.38
18	443658957388	119.84
18	391134377381	118.43
18	33194184665	27.47
18	48487023874	216.89
18	442137571040	115.12
18	48185062317	224.80
18	441836635502	122.23
18	33645731899	29.10
18	442851719596	87.09
18	444023715045	91.42
18	48210961274	299.44
18	48280265217	222.07
18	48483638260	205.02
18	48452468632	235.50
18	48463493355	203.44
18	48698904500	240.64
18	443248491537	90.40
18	49361226966	83.52
18	48676624747	177.85
18	443478410397	105.27
18	33422743096	30.12
18	393329405520	128.53
18	49225618632	79.65
18	445143164409	87.81
18	33470706667	32.79
18	33135858278	28.66
18	33677846217	29.92
18	443610963917	106.81
18	49658670024	93.22
18	441730732116	108.37
18	443711409963	99.13
18	391702157032	126.47
18	48153100319	205.25
18	394011723684	145.02
18	48361273146	223.27
18	49311099895	88.04
18	443592188353	103.13
18	48555655372	213.03
18	444831286267	99.74
18	48296013436	171.71
18	444578861243	83.04
18	33454100585	28.59
18	33110328595	31.37
18	444546553220	99.73
18	33429212540	27.34
18	441420038866	88.81
18	48521348962	188.38
18	33300794926	29.35
18	49149866249	87.22
18	48424062489	187.01
18	48638599544	229.13
18	48221036135	169.11
18	48509596893	286.56
18	48340445323	175.12
18	393106989591	134.56
18	48527953681	173.74
18	48350181350	176.62
18	49173731102	74.11
18	33468211173	27.83
18	48601472487	197.77
18	48696009765	206.69
18	441513934467	96.54
18	444046135908	124.18
18	441530389012	123.84
18	48241675708	169.99
18	444033013074	106.34
18	392505535162	135.20
18	33576037508	28.29
18	48684868351	214.32
18	33395168998	28.64
18	49234157801	87.06
18	442157017247	112.36
18	444549110392	107.14
18	33153980059	31.36
18	446338446738	85.19
18	48410740394	197.29
18	48575420508	176.52
18	442671835608	109.92
18	48412165246	207.45
18	48475459026	233.39
18	445268360628	107.94
18	48638550352	235.57
18	48438791859	169.60
18	33371564243	29.43
18	444346384862	76.27
18	48147236296	198.99
18	48230668316	197.47
18	48450656492	247.21
18	442205415702	130.97
18	33573387062	31.93
18	444855676572	91.12
18	33257970822	29.84
18	48133863722	190.88
18	394496372708	121.27
18	48679296239	197.02
18	48290282997	218.23
18	48668010162	192.21
18	48139412344	239.23
18	48565167595	208.70
18	33372139498	31.50
18	48637919469	172.37
18	48317773847	204.81
18	442353748787	115.33
18	48397225598	231.01
18	48450222073	220.96
18	48127802373	185.42
18	48535496455	235.26
18	392029548775	114.06
18	33162035197	27.49
18	48408347216	206.00
18	48480588675	207.55
18	392883700592	93.04
18	49602261351	80.88
18	49669892154	83.41
18	48639567290	223.36
18	33190998197	31.41
18	445374061553	102.73
18	443481210200	128.64
18	33133623526	31.67
18	443647178574	112.30
18	443492570266	118.17
18	444316532363	119.99
18	48279218712	188.54
18	48314226096	187.27
18	33248966813	29.29
18	48545814319	181.13
18	48365716532	218.80
18	49411895503	89.97
18	49150829416	83.89
18	48144533163	248.81
18	442024018602	111.98
18	48204585084	169.56
18	445433118370	117.60
18	48182506924	204.72
18	48418758759	167.89
18	33532012581	31.56
18	48590527980	163.23
18	49416948010	86.24
18	48116473705	207.01
18	443500008980	99.69
18	394798838691	109.83
18	48291687679	199.44
18	48250998326	220.97
18	49275343546	84.78
18	391350160025	164.02
18	48460205388	208.62
18	48212527499	211.39
18	48211529747	197.25
19	49308280025	84.90
19	446144186625	78.89
19	48670833809	231.59
19	48189145061	208.33
19	446558385085	123.94
19	394720352043	119.65
19	33254944985	30.23
19	48456481231	107.19
19	49436074690	87.44
19	446239123206	125.96
19	48677617576	190.75
19	395881242608	106.78
19	48567966063	234.22
19	445248203671	83.30
19	49698298770	80.30
19	48482455127	136.10
19	446161306682	97.97
19	48227910855	175.33
19	393664257123	122.98
19	444305212969	124.41
19	446169895908	107.66
19	48675718385	144.76
19	49558001660	73.09
19	441805856749	77.02
19	49511923851	82.44
19	49551217067	92.94
19	443448250052	89.13
19	49657030534	84.55
19	48248765209	200.69
19	441701391059	114.84
19	49646039616	84.95
19	33545636327	30.93
19	48695593942	197.26
19	48681649418	243.79
19	444904122345	102.23
19	48557352038	184.94
19	49427976681	86.59
19	48444698375	160.78
19	48126399505	182.46
19	48452438273	218.68
19	48240805885	191.05
19	445997489232	86.16
19	48455943557	220.42
19	443664048422	99.41
19	49176359803	80.73
19	48619115282	239.77
19	49623607978	82.48
19	48209864372	222.36
19	443041375308	90.72
19	394482187104	98.54
19	391128057415	107.47
19	48160718363	189.99
19	443268843958	139.03
19	441948432875	138.26
19	33519091971	28.96
19	49476211721	84.86
19	49597497681	87.33
19	446848074530	99.22
19	49359934859	74.76
19	48644207233	200.24
19	446165053072	94.50
19	33475800253	31.45
19	443476708638	118.13
19	33682873365	31.92
19	48266227337	227.02
19	445967508652	112.24
19	445933026251	110.73
19	48385887651	242.06
19	441409380745	101.66
19	48184298571	248.59
19	48597838793	150.81
19	48458954297	176.86
19	49468551405	87.82
19	48433136747	185.89
19	446703361769	126.15
19	48644397282	202.27
19	49458243515	77.18
19	48355899755	205.94
19	445691833640	119.76
19	443004474034	112.15
19	49362704562	80.08
19	49484400136	78.13
19	48395616020	243.74
19	444187806325	103.35
19	395919352697	127.00
19	444611265858	76.18
19	446244413011	109.26
19	442015581977	112.65
19	48281302634	171.57
19	49424477669	82.74
19	33308614664	28.55
19	49260976155	88.70
19	33542878000	29.66
19	446280634383	106.90
19	48288344306	240.88
19	48354529058	271.91
19	48439469551	184.22
19	394066540860	155.85
19	49493372773	83.20
19	49269603558	89.41
19	33391069175	28.82
19	441503268290	140.74
19	443935628300	127.35
19	49180311754	82.86
19	48387008238	211.14
19	49327431591	85.97
19	33341917343	31.54
19	48218678619	198.29
19	48220420453	317.51
19	441312892869	88.29
19	48209548558	172.96
19	443007309630	153.72
19	48252325630	207.23
19	48471139586	183.18
19	33161927727	29.20
19	443781285315	130.19
19	48309068897	212.84
19	441497523102	123.17
19	446867067440	87.05
19	442950218941	124.92
19	48242172949	213.47
19	49366911039	86.85
19	48313381218	214.85
19	48609527587	182.75
19	445090338047	89.33
19	48618069688	242.73
19	49552319278	88.75
19	33696050967	28.11
19	441639694852	119.91
19	48449459782	218.45
19	49348853212	84.44
19	444489636615	83.61
19	444037644904	111.76
19	443700969277	111.10
19	443921187309	109.47
19	48446215801	199.11
19	48496239524	213.76
19	444858359833	124.92
19	33159949509	29.79
19	48127300547	225.15
19	48535979239	215.15
19	396285647844	98.07
19	443583345824	117.10
19	49392695831	81.69
19	392631768954	117.27
19	49156586585	90.34
19	393360660304	140.10
19	446768193548	120.99
19	48486054123	215.48
19	48646840664	242.74
19	445856168876	104.51
19	442394024659	106.97
19	48590262784	190.10
19	49285057706	92.13
19	48432066386	217.72
19	48471194635	234.29
19	446162527657	113.87
19	48247926231	228.09
19	33311325727	29.10
19	48342455610	227.35
19	444209866479	126.02
19	48540194110	147.34
19	441317879609	113.01
19	48480580337	210.86
19	48113389672	204.30
19	442892691112	106.02
19	48566189519	213.28
19	443158187716	92.19
19	49499530381	83.11
19	444838845182	96.28
20	48373131229	164.31
20	48238886430	193.73
20	49209016248	86.75
20	48665526403	200.04
20	48132172434	234.50
20	446034096342	120.13
20	443877152286	131.00
20	48698042884	175.91
20	48662552996	213.70
20	395907556899	155.91
20	49667154777	76.36
20	49143528846	81.94
20	392624304880	103.58
20	391678479335	99.81
20	48494895599	206.94
20	48682304407	225.54
20	49474371598	86.46
20	48247735914	149.51
20	443014011562	115.70
20	445322670027	92.44
20	49595476796	87.56
20	49211973290	78.92
20	48599125145	181.64
20	48374889771	196.18
20	33415168491	28.91
20	48621305501	216.46
20	446011705096	108.31
20	48397861288	131.77
20	446414035316	111.77
20	33149391274	30.98
20	49377734856	82.61
20	49663973061	91.64
20	48208816721	214.90
20	33335562541	30.47
20	441852080278	110.82
20	48608733489	247.49
20	48626978182	229.39
20	49628620924	87.15
20	441638126451	111.52
20	33661064784	27.34
20	395071410645	136.27
20	33598814274	29.73
20	49203298155	73.24
20	33297912787	29.99
20	444965692376	120.33
20	48279442067	209.39
20	444109781587	83.13
20	48291392762	191.44
20	49456940896	89.27
20	441347607914	93.94
20	443102813103	111.47
20	48370368113	210.60
20	394179417692	123.11
20	48680491802	218.56
20	48464199811	231.85
20	49399646646	89.71
20	33197365532	29.41
20	442460379235	103.85
20	48588989279	209.22
20	444325351239	90.28
20	33151943895	30.21
20	33392095715	26.51
20	33500178247	31.92
20	396428559164	126.22
20	33581378336	30.07
20	33460875338	28.83
20	442428089103	105.04
20	48645847226	254.32
20	49693939011	89.04
20	48572180937	172.73
20	48681551041	177.38
20	49350232858	87.72
20	444373516672	112.57
20	395795092270	113.73
20	33501011776	30.70
20	48242830389	177.73
20	443171647577	103.45
20	391690094236	94.82
20	33559352738	32.60
20	441124854753	104.26
20	48126572012	197.33
20	48372987199	232.43
20	393934694068	116.86
20	48269544648	250.16
20	48580385048	206.14
20	49601007707	92.22
20	48411648940	206.05
20	48564518193	258.33
20	48551367087	189.92
20	441381914803	104.03
20	48171632372	205.58
20	442347193468	138.99
20	33556903204	30.94
20	48161701512	211.37
20	48569376168	212.51
20	48159360241	173.53
20	48683492136	212.34
20	33367726837	27.86
20	48292646123	223.19
20	48662335067	192.39
20	48502364190	196.97
20	48291422541	182.94
20	393536379478	108.66
20	48496357455	202.34
20	48671833656	178.86
20	445122420178	134.58
20	49686182902	82.12
20	49557878597	75.12
20	48391692213	211.44
20	48320325972	228.36
20	48696625674	201.48
20	48398284180	200.03
20	48669494767	210.80
20	48179243647	188.95
20	394680539743	165.09
20	442136020175	113.70
20	48406606192	197.80
20	49402208499	79.71
20	48590928991	214.11
20	443985458278	109.33
20	48309015959	233.79
20	48307607379	180.30
20	49595280846	83.07
20	49209331440	78.73
20	48148253137	140.22
20	48344908533	259.76
20	441416240822	82.75
20	48465763142	253.74
20	49603391048	75.25
20	445443901924	113.88
20	48404355541	168.02
20	48416022995	176.98
20	48285317077	214.87
20	48126260298	250.66
20	33335146699	28.60
20	49515495538	89.47
20	48494252681	189.58
20	442654525171	119.25
20	48244798508	173.22
20	48529598812	194.42
20	33485614068	29.47
20	48503868990	204.13
20	33132318469	32.07
20	48684077833	205.07
20	48274342127	215.22
20	48553130411	202.06
20	49382155116	84.43
20	444062173991	125.11
20	394236834688	128.23
20	444030159576	110.16
20	48651277619	202.13
21	444098490300	92.84
21	48420659357	225.77
21	48325847632	257.20
21	396462443991	91.88
21	49286525524	81.13
21	444307000778	104.59
21	396678965368	160.02
21	443898356635	103.24
21	49354483700	84.29
21	49139193583	80.76
21	445931783645	88.99
21	48399047197	183.62
21	48616143610	258.70
21	446346195419	96.16
21	49621949598	90.42
21	443472483598	102.38
21	48416353321	206.04
21	48343273681	260.01
21	444371563286	126.52
21	33473724079	30.71
21	48598681188	218.99
21	48380948185	164.90
21	446241703549	102.79
21	441961277714	111.45
21	48553742293	206.74
21	391279907299	102.44
21	48533190830	173.18
21	446647328662	116.65
21	48268812649	178.95
21	48141213706	277.07
21	49495254698	86.29
21	48533494667	158.86
21	48189979446	186.18
21	396505076804	125.03
21	48277063789	245.82
21	446075946552	120.69
21	393808900006	138.15
21	48414457089	192.07
21	444761684246	124.02
21	446542440979	116.96
21	33186849383	30.32
21	33348873945	29.86
21	48319778778	228.77
21	443590650176	107.45
21	49334870594	77.40
21	49138775638	87.79
21	48383837039	282.88
21	443850915502	101.01
21	48252660195	188.22
21	48489809362	182.10
21	49682022568	87.68
21	441981513651	107.50
21	48500691193	180.71
21	48402647824	178.97
21	49421522844	81.07
21	49230525258	82.12
21	48381369090	247.71
21	394382068976	145.80
21	48507397736	245.37
21	48588470482	171.92
21	48615460986	213.48
21	442723098202	103.83
21	48672057454	213.03
21	393760303645	103.05
21	49476855712	89.24
21	441826792348	101.13
21	48357072672	183.63
21	445889687854	108.98
21	48555117839	219.56
21	33376372744	31.10
21	446962919381	96.63
21	48120709770	169.91
21	48617268845	222.53
21	49397644171	86.06
21	49194529298	89.45
21	49329848258	82.89
21	395382981731	135.37
21	446875986992	108.08
21	49475361465	76.43
21	48290895110	201.32
21	391942343666	150.63
21	48474184981	193.79
21	48303788211	199.27
21	48411820216	225.80
21	446906066605	107.74
21	49684650407	85.39
21	48192004452	210.25
21	48184243636	178.37
21	444659846388	118.92
21	445173126417	129.21
21	33173807307	29.76
21	48131236485	225.52
21	33424336217	32.41
21	48268425643	214.98
21	442704534413	123.47
21	446048014349	100.69
21	48243568733	188.28
21	49110483547	89.31
21	393109358598	122.54
21	442300594432	97.65
21	48616199512	206.83
21	392862085009	96.41
21	48507462392	245.52
21	48612778091	232.43
21	33228065725	31.47
21	442638451915	107.91
21	48455929980	280.81
21	48478422800	163.52
21	48555032886	188.15
21	33176148157	27.89
21	48422687634	195.86
21	442437964531	85.87
21	48622929876	178.89
21	393382511798	124.17
21	49686010089	85.34
21	48159478406	245.96
21	49144323043	88.32
21	446026053956	126.63
21	441729183598	109.54
21	444088804096	111.72
21	445016120572	89.38
21	33302240025	32.51
21	446686509933	118.51
21	33154770654	30.17
21	395100408823	120.04
21	48272049380	240.42
21	444136027787	106.80
21	33601269370	28.54
21	48619247990	192.05
21	441930203069	94.14
21	393210040476	145.10
21	48334159345	200.61
21	33550834763	29.29
21	33188079949	28.44
21	48153483878	174.46
21	49459793985	75.43
21	48681338223	199.10
21	394171684065	138.14
21	49422689260	82.12
21	49288271922	87.48
21	33553248857	31.50
21	49692681153	79.01
21	33459377154	32.64
21	442656368438	96.63
21	442989323021	97.13
21	49359011232	83.93
21	49613193958	93.53
21	396470358788	128.46
21	48327493271	158.75
21	445524061124	80.39
21	442718025311	89.58
21	48555810699	212.17
21	33377910631	32.72
21	49493111467	87.24
21	48503337194	190.78
21	48416769388	206.19
21	49190907269	85.11
21	49616896433	85.60
21	391380342831	117.91
21	48655218579	232.79
21	444363008221	109.72
21	443645485677	100.57
21	395658448897	112.06
21	442418328935	112.68
21	445211880002	110.30
21	48162090567	191.44
21	392472012516	151.48
21	395834745220	112.62
21	444719895106	100.35
21	33624273553	31.53
21	48478394369	222.53
21	49541599321	87.67
21	48430923683	242.42
21	48660171167	208.01
21	391305768950	117.75
21	49419666750	85.98
21	394909414148	131.15
21	48117919744	228.67
21	48195300856	140.66
21	49237675794	83.56
21	48198529775	168.10
21	33678214412	30.04
21	49621861763	87.71
21	443612069073	70.69
22	48531379116	213.16
22	33552696703	30.77
22	49650459117	95.84
22	48325885833	206.19
22	48238651838	192.06
22	441632720004	110.35
22	48376293535	229.42
22	48209979722	201.84
22	49549856134	95.84
22	48394168272	169.67
22	442108526233	130.01
22	48248792417	212.79
22	48470291643	214.59
22	48361293860	161.66
22	49532910301	81.05
22	49465538621	85.61
22	445034478564	117.13
22	395842592912	89.99
22	49463017577	79.58
22	49299931833	84.04
22	49412876968	78.10
22	49226218528	85.22
22	49369534157	87.89
22	33575505969	28.77
22	48265872720	164.51
22	33359678397	32.81
22	33525652300	31.00
22	33262128216	32.87
22	48263863393	197.45
22	48456083112	181.52
22	33523242885	32.56
22	48547497328	240.22
22	33519572713	31.47
22	395230861097	151.66
22	445058402855	108.50
22	49190213275	82.88
22	446897248889	122.22
22	48663083940	162.33
22	48344598953	223.90
22	391832729071	153.11
22	48477050998	253.11
22	443077143812	105.06
22	33150496875	32.64
22	444333282193	98.50
22	48136646555	235.46
22	49512314755	81.90
22	33322401704	30.22
22	48593911364	191.16
22	48453444716	209.65
22	49294660784	90.28
22	444931730547	102.89
22	444007337880	106.23
22	48489600043	186.71
22	444187018747	85.46
22	49634301163	81.73
22	48692314822	220.62
22	48645915387	192.46
22	443502493548	94.01
22	33267869332	29.93
22	48332256274	203.30
23	48593094304	183.16
23	49552599626	90.07
23	444544772039	99.61
23	445279510488	113.00
23	48355431123	245.73
23	48692001016	260.15
23	443118208613	102.01
23	441995194425	120.54
23	49651486370	90.58
23	48513486936	225.50
23	443082159995	89.94
23	33305789559	29.36
23	48149697965	182.30
23	33574764405	30.18
23	394167530411	111.54
23	48318875826	185.63
23	441428646077	124.72
23	48317202286	210.82
23	48336249389	201.07
23	48235486233	165.47
23	441688450243	90.63
23	49524760902	90.33
23	443133453970	124.51
23	48145155578	237.89
23	391744351027	130.31
23	48636003932	214.81
23	443407428697	117.60
23	48274618804	233.10
23	443990957446	107.33
23	445704813079	89.43
23	395553468517	138.68
23	48609829678	223.41
23	49525662964	81.98
23	48491581765	227.12
23	33371598854	29.48
23	48295764397	232.39
23	48548263527	247.45
23	48494022705	181.25
23	445372444015	113.43
23	48267250818	147.43
23	49661288954	83.46
23	48410198877	176.74
23	49286713393	81.26
23	48573716135	186.32
23	48194451628	242.57
23	48600142105	212.86
23	48211915510	232.74
23	48446110486	181.62
23	48463040481	210.52
23	393551616943	140.60
23	48679214608	193.71
23	48410749364	200.79
23	48207745534	162.88
24	33491519221	30.46
24	33509734733	29.08
24	441420928999	136.88
24	33243015190	26.36
24	49166851114	92.51
24	48400143354	189.94
24	446555364668	108.52
24	443695292856	105.18
24	396727414858	138.61
24	48190961568	225.08
24	446583742286	111.19
24	396583990870	140.41
24	33601514025	30.19
24	444781914991	85.17
24	48221660720	207.45
24	48330538585	191.01
24	444559504449	117.70
24	48498151320	215.44
24	48590351755	202.09
24	48587498193	207.26
24	48585350535	233.44
24	48594961608	238.37
24	33407232391	29.33
24	49627171005	87.00
24	48242572970	227.16
24	49160574029	74.50
24	49251774589	79.54
24	33132949906	29.29
24	49132832517	84.31
24	49223115747	90.75
24	48131281818	173.89
24	49622279638	82.49
24	396659775009	146.22
24	33501607685	31.72
24	49497991554	90.07
24	48690831615	177.87
24	33289894663	30.71
24	48150196854	212.99
24	392681035027	139.55
24	394306478282	128.56
24	48673113514	151.77
24	48493639395	167.03
24	441178081180	128.27
24	49181698596	90.46
24	48322898689	216.89
24	48499636838	143.98
24	49629439886	90.02
24	48666011490	244.59
24	49404171886	78.48
24	396205440782	75.58
24	49412708218	89.43
24	48113828953	217.96
24	445830579231	110.77
24	48168565965	170.45
24	49628903120	79.84
24	48551917819	196.07
24	445446965126	89.65
24	48269835507	188.22
24	48295357861	167.45
24	442598805157	103.09
24	33383554358	28.21
24	48590135048	192.33
24	48324626890	195.06
24	392630263494	103.20
24	49385878221	81.96
24	48469878624	138.06
24	49367140958	85.06
24	48358158611	204.70
24	49356075403	77.28
24	442116614182	111.91
24	48662179208	182.16
24	445071937976	126.52
24	395620028392	134.98
24	446224481140	103.72
24	443122512033	126.52
24	48391879011	191.04
24	49112163575	92.64
24	441599155474	101.33
24	33398614887	30.46
24	393284137551	116.21
24	392261206079	88.22
24	33454709661	29.34
24	49320957261	82.40
24	49171338803	84.08
24	393654495429	122.66
24	48644369044	202.28
24	443203869960	99.45
24	48204988895	215.73
24	441353397766	91.40
24	48220931413	185.74
24	48202604363	168.11
24	444538744459	88.68
24	33680471194	28.64
24	49492213596	83.74
24	33596909087	29.89
24	49514290109	82.16
24	48682134093	191.57
24	394405217346	122.48
24	48201070608	271.11
24	48225194767	205.82
24	396992877355	155.88
24	48321107050	177.96
24	441849471599	120.10
24	48686121959	171.47
24	49275607322	86.86
24	49585236108	81.94
24	49635954872	83.18
24	396308392370	125.18
24	49544478940	77.19
24	394556521766	118.67
24	48441233500	167.38
24	48676437861	135.32
24	446772502443	123.47
24	48343208815	200.88
24	442137538203	96.24
24	33625565659	31.36
24	48644450735	194.57
24	48492078565	206.62
24	443627489730	109.77
24	445792426189	92.33
24	48593212111	180.49
24	443168356572	85.04
24	48507817128	191.62
24	48403026873	223.54
24	446962509010	116.41
24	48608290700	243.02
24	445988216258	101.95
24	48598588096	170.50
24	48110864785	213.67
24	442013086106	125.44
24	48249703691	178.34
24	48693375021	227.02
24	49344993894	75.56
24	441860714645	91.76
24	49151905981	76.89
24	49386009302	83.66
24	48621050768	222.41
24	33564321171	30.74
24	33206336909	29.84
24	395599295610	131.83
24	396447522949	112.76
24	33246890166	30.61
24	441670830973	114.68
24	48426188629	227.32
24	442020999356	102.57
24	49437405474	92.35
24	48405077541	223.30
24	444341649976	66.46
24	48560085413	186.56
24	49550670929	83.21
24	49144132088	80.07
24	48256646469	243.32
24	442853539376	100.38
24	49518242788	77.62
24	446628148790	91.56
24	48372748279	219.28
24	445263965997	115.64
24	48651096125	194.88
24	49110642957	81.20
24	441964808998	100.93
24	48690267938	203.52
24	48256816826	215.82
24	442910521551	99.40
24	48228416480	233.70
24	49138146975	78.97
24	49502024400	89.27
24	48322370149	235.05
24	48153129291	235.30
24	33437195962	29.72
24	48176376181	235.28
24	48653897505	217.90
24	392727648316	164.58
24	442843062973	105.07
24	49135709840	78.94
24	445446464684	124.05
24	48174947458	215.99
24	48172897062	175.21
24	442268199655	97.90
24	391800567837	125.62
24	446657932492	105.19
24	444991661967	125.44
24	48248514554	219.68
24	49324383141	87.79
24	48627503992	223.08
24	49255190725	86.46
24	48147430935	188.77
24	444943062290	101.28
24	48155918139	227.80
24	48287931089	130.37
24	48612057570	172.10
24	444428034676	100.99
24	48662653226	188.47
24	443648755643	99.89
24	48386758689	181.01
24	396983424211	117.55
24	33434146312	30.63
24	49447992691	78.70
24	48582221671	195.87
24	442186731656	117.69
24	391995076212	113.66
25	49659024985	79.73
25	395564839056	143.64
25	33205411931	27.48
25	48113555667	197.69
25	445813342223	121.72
25	48311309281	233.35
25	48245440347	205.54
25	48288633838	188.12
25	443941520617	101.43
25	441653355355	110.05
25	445034275960	119.46
25	48240768376	251.04
25	33667109170	29.96
25	443550345605	124.66
25	48459167133	222.08
25	49212531587	89.55
25	48150949758	233.44
25	396739432339	90.61
25	48672500245	193.24
25	444768464441	118.66
25	48239125108	212.75
25	48406641395	201.40
25	394494332996	152.61
25	48586452703	153.72
25	49463795704	92.53
25	48370511196	221.34
25	446052760958	93.41
25	48523662159	226.61
25	49508589040	82.60
25	445128163107	108.70
25	442381724616	134.52
25	33333717760	31.63
25	49528831184	83.31
25	393464358993	109.23
25	442198260363	100.65
25	49630285170	86.40
25	48468364913	201.18
25	442248039143	65.91
25	442697920772	95.00
25	48680508364	174.54
25	48275344553	231.98
25	48626637881	241.99
25	33399669640	31.39
25	443172396744	120.15
25	49179449976	85.03
25	445080772831	108.36
25	49317861977	77.11
25	444044609793	135.92
25	48338678209	186.93
25	442274275759	100.54
25	48112405417	249.56
25	441279596988	109.31
25	394988147205	104.21
25	443222521372	104.96
25	48313725644	220.22
25	49168543064	75.44
25	48612586171	205.03
25	33384656574	29.80
25	48316049496	214.00
25	445800440408	80.65
25	48523992253	206.13
25	33211976273	30.51
25	48666652692	192.16
25	33601037313	29.75
25	48151458839	200.49
25	48319271771	241.54
25	48274911187	220.83
25	33681841253	28.54
25	48463831773	199.99
25	48340076884	196.14
25	442932793683	100.14
25	394872792044	129.14
25	48219296763	205.91
25	48132325595	206.92
25	441579153555	92.42
25	33663969600	29.89
25	48255570756	190.85
25	48676104418	234.70
25	442605178915	91.33
25	49258644919	78.30
25	48583218034	221.94
25	49169419464	89.78
25	444336202890	111.81
25	48390978425	214.11
25	48350349558	176.88
25	446641200703	95.44
25	445088765945	141.13
25	49281178868	82.17
25	394303587977	151.66
25	48442373439	235.16
25	394876933702	86.26
25	391168860571	135.32
25	48677975568	217.06
25	49421991841	90.40
25	443890655911	128.50
25	48628138857	226.77
25	48605826566	224.04
25	446273028397	102.81
25	48669593513	163.24
25	49546752237	80.56
25	48506306784	159.96
25	444569321391	99.53
25	33632725704	30.75
25	48131410162	215.42
25	49385465445	83.42
25	441930271377	116.49
25	396474078234	147.62
25	48680321484	181.25
25	48460220190	209.61
25	444992683564	111.17
25	48571650971	179.33
25	48550275800	193.04
25	445498589777	106.89
25	49565365067	91.53
25	48647706527	164.00
25	49377422398	80.70
25	33491532129	30.29
25	444636771347	121.02
25	444273372269	118.73
25	444978740113	102.97
25	446244217003	101.17
25	48388137829	182.42
25	442807328609	109.07
25	48315313428	210.23
25	49188111826	80.53
25	48398537743	248.88
25	33296093759	29.15
25	49234193411	82.68
25	33618706073	29.80
25	446584457371	102.37
25	445304541479	113.13
25	33555089279	31.07
25	49563724470	79.72
25	444106997662	107.42
25	48137613445	214.05
25	443484674514	95.01
25	446047819217	81.69
25	48179785386	250.36
26	446697401144	116.86
26	48668620244	194.20
26	444365467731	114.61
26	441169956878	102.94
26	48367134009	235.73
26	48658496182	159.55
26	49628279275	91.61
26	442300119044	104.95
26	396033520638	138.33
26	48388163586	243.77
26	33138078633	29.74
26	33426803631	29.30
26	49247705838	81.18
26	396750453573	153.75
26	49255517343	92.91
26	48237972421	177.51
26	33143167763	30.97
26	48567125234	193.59
26	48594579443	216.98
26	444090376041	101.99
26	48244756889	215.49
26	446667661200	145.05
26	443070949833	86.91
26	48447997360	164.92
26	48520999084	226.25
26	48323837211	198.25
26	444479441623	82.99
26	33537579754	30.33
26	49573974869	87.58
26	48573138185	255.27
26	392367022509	114.64
26	48583931143	163.19
26	48531381153	236.12
26	33276899393	29.84
26	49369989108	88.05
26	395085551955	136.02
26	48392221202	222.61
26	443573101712	86.82
26	48507132672	140.81
26	48302585599	222.62
26	33352937978	30.36
26	48235431323	165.21
26	48216254888	220.07
26	49252056780	84.26
26	48224939201	239.63
26	48476906711	205.56
26	443561230610	111.80
26	48409550597	209.88
26	49520145834	83.28
26	49274680669	76.19
26	48493513125	188.46
26	49296881689	81.31
26	48193696994	226.64
26	48674715187	244.27
26	441353058872	116.76
26	48450843535	191.62
26	445840828539	124.09
26	33256677887	28.88
26	49181551006	85.68
26	48398530513	243.63
26	48695094067	151.16
26	49374655908	82.21
26	48277220596	242.06
26	49312416736	88.85
26	394618343549	128.95
26	49143184153	84.85
26	444804069172	97.42
26	396600729840	124.70
26	49487745294	91.89
26	394614704572	93.39
26	49485818224	84.70
26	49189344624	86.81
26	48221428723	166.67
26	441849598595	89.96
26	48612858655	258.08
26	48465937338	197.46
26	445594652976	102.27
26	445686988086	110.54
26	444256281164	107.44
26	48612190685	177.26
26	33627484209	29.93
26	33284237422	30.07
26	395500962186	142.49
26	442575841987	98.19
26	33241201407	29.60
26	49604246862	80.71
26	444539940568	119.43
26	48304655788	167.18
26	443568423848	112.69
26	48385616761	209.75
26	444645099677	100.57
26	49366330013	91.29
26	48157262755	176.64
26	49604740976	82.11
26	48629018129	232.46
26	445672317596	90.66
26	441627603655	122.07
26	48462792899	207.68
26	444415334422	131.19
26	49397299373	83.78
26	48195669612	159.29
26	49334675399	82.05
26	441736886628	85.85
26	49458789326	87.18
26	48413579348	205.44
26	395534783579	101.26
26	443098535715	102.12
26	48271612845	198.58
26	48271096645	192.44
26	48495243165	221.81
26	48150904069	179.33
26	48270014384	191.83
26	48524995338	230.20
26	48455186834	211.19
26	49446713245	84.96
26	49134630884	84.15
26	441216952454	123.25
26	48390140268	191.31
26	48267798168	224.08
26	48580569308	190.12
26	48183150730	255.02
26	48365013364	188.83
26	33583884593	31.20
26	49419479747	90.63
26	48568962850	217.46
26	441167077298	114.03
26	445397061335	132.26
26	48432866015	263.44
26	48325097005	200.93
26	48527402273	232.15
26	48343303606	187.77
26	49557550934	79.39
26	48489787934	211.40
26	48306055396	233.38
26	33456649554	29.03
26	396370447518	131.81
26	444617554952	135.89
26	442276189121	113.31
26	48405978790	148.76
26	445142923341	110.89
26	444997359748	125.43
26	49211424774	86.95
26	48504897511	227.31
26	48259466934	215.85
26	49633008843	86.48
26	395404252573	122.83
26	441910718167	82.93
26	48212920370	232.43
26	49625637695	89.70
26	33141597850	30.26
26	48417590491	199.39
26	48345848912	159.83
26	446888577957	102.62
26	48549484891	273.00
26	49256291934	83.19
26	48535598157	204.22
26	48695385633	162.95
26	33680316985	30.22
26	48196161819	199.25
26	48204438119	212.24
26	395019048154	146.29
26	442613897840	107.38
26	48243886944	207.29
26	49613232553	76.15
26	49269079041	92.11
26	444824544004	107.79
26	48530996990	202.84
26	49625513168	94.61
26	48321849439	220.17
26	48499576064	241.98
26	49248621379	91.32
26	392465776392	150.42
26	48442688344	203.52
26	443951543080	128.37
26	443746246224	131.16
27	48160317432	211.03
27	49586363464	80.02
27	33431890966	29.66
27	48307614612	224.05
27	48288065001	197.15
27	391469929616	106.04
27	48372873733	224.43
27	48627030806	221.77
27	49201667362	100.45
27	49361841835	90.66
27	49124845657	77.78
27	444984802274	128.41
27	49531662557	91.20
27	48596830739	196.83
27	444054215181	134.05
27	444460900819	95.85
27	48230976950	186.02
27	48568955386	184.77
27	48691824013	234.34
27	48439712627	164.76
27	444577212348	122.25
27	443375106106	101.42
27	49480013892	84.64
27	446413257107	123.32
27	396139612457	123.44
27	48290586359	164.65
27	444116633582	124.02
27	33602984255	29.08
27	48247097575	226.80
27	48550817275	170.94
27	442407344850	100.16
27	393281097850	128.32
27	441704462536	112.46
27	442911573394	102.82
27	48634684333	226.76
27	48215721687	235.19
27	444797297311	112.17
27	444131454583	109.80
27	48287892534	233.35
27	48589109880	257.61
27	49139787300	83.32
27	441347663560	128.42
27	49500189336	78.49
27	49284909876	84.96
27	49579124907	82.69
27	445911255030	145.91
27	393248781083	127.16
27	446923934453	121.02
27	33366154722	28.42
27	48368164605	178.47
27	394848527449	168.60
27	49622984410	90.57
27	48389152991	262.44
27	442261536344	74.71
27	48652620441	200.67
27	49627410598	87.89
27	442526967271	115.12
27	48647210742	214.61
27	48262349219	180.81
27	396464754971	132.79
27	443958171829	104.78
27	48572352625	208.26
27	48269520406	200.32
27	395865861483	104.02
27	33637501607	29.67
27	48369840897	184.38
27	48242839728	213.50
27	392048302843	105.51
27	48336789330	179.64
27	442660542150	121.01
27	48433643138	190.02
27	441312835665	85.33
27	49337984681	84.04
27	48489015857	139.27
27	49648875306	92.23
27	33682506142	29.67
27	445269652245	73.12
27	49472592188	78.18
27	396266544301	88.72
27	49304101642	86.07
27	48145633148	174.62
27	48500494054	142.07
27	48357467045	186.26
27	441637899293	109.27
27	48354399351	210.84
27	33500258542	30.86
27	48383468345	181.50
27	48485668259	157.91
27	48621794833	145.64
27	48179495815	210.84
27	48430130410	225.23
27	48182161207	180.66
27	48663910802	155.71
27	48390818743	219.54
27	49386470449	84.42
27	396275074271	135.94
27	48281081604	196.98
27	442118455389	129.68
28	396244763322	124.18
28	48570571782	184.58
28	49320256460	74.23
28	392398435107	101.36
28	48185984780	194.47
28	443990847023	99.39
28	48524177635	251.19
28	33116697476	30.36
28	49658193011	79.47
28	48262257791	200.27
28	48695207893	196.95
28	444317549833	132.80
28	48698700140	229.34
28	48186698914	215.74
28	48562974901	268.66
28	48478877573	173.01
28	48459266639	199.15
28	49699147739	83.53
28	49171249324	87.68
28	48406643917	181.82
28	48654347668	247.42
28	33149799711	32.12
28	49235969830	82.46
28	49653939922	78.73
28	48325994215	186.96
28	444713754136	104.36
28	48122358037	183.48
28	48569139866	230.60
28	48142355121	206.92
28	392168638934	143.29
28	443666839634	111.66
28	446106696130	119.99
28	442773524865	87.57
28	49147331118	83.60
28	394002079991	121.71
28	445033548017	124.12
28	48490512038	218.40
28	48323826768	208.66
28	48330170640	226.29
28	441574899009	72.54
28	442635265091	107.21
28	446706132389	103.45
28	48611904611	184.62
28	48492275017	206.82
28	443503740237	134.56
28	48631628297	164.79
28	445782634262	97.99
28	49550811208	85.15
28	33659453140	29.14
28	49329088930	83.26
28	445549800228	107.43
28	445340612271	108.94
28	391460563861	135.19
28	49200577727	86.82
28	49219193708	86.90
28	49462266088	96.03
28	48439356199	164.07
28	49115280109	87.28
28	48563729947	212.31
28	48622913918	192.58
28	49507762354	89.12
28	48684210035	215.55
28	395582614253	142.14
28	444969659132	139.81
28	442872892771	124.52
28	441267055767	131.03
28	48219897542	193.87
28	33167901962	30.69
28	48351315595	191.76
28	446645753664	89.67
28	48682961351	231.99
28	48500089332	210.63
28	49249643398	84.88
28	442752225370	130.26
28	48453122207	161.79
28	48255464326	171.66
28	48328150062	275.90
28	443618785192	125.67
28	442335729633	144.54
28	49114537573	86.32
28	446120331344	78.10
28	393737664171	107.68
28	33652325647	29.20
28	394800205990	141.58
28	49235294165	84.04
28	48368110375	249.29
28	48335384837	134.75
28	446577962030	95.53
28	48377375442	254.98
28	49531947778	90.25
28	48479768052	213.82
28	445805445586	109.93
28	33393508743	29.04
28	49625313715	81.02
28	445518036537	89.48
28	48365034632	158.84
28	49359357678	86.57
28	396259749647	127.28
28	48317525697	206.02
28	392242755774	159.61
28	48442346386	188.62
28	48401944353	184.47
28	442513539898	129.44
28	48473703965	165.81
28	33549291263	30.97
28	48143933053	212.06
28	444175882641	102.78
28	48630031898	186.25
28	48420358378	209.27
28	33191757500	29.86
28	446473766602	136.19
28	48442175661	177.60
28	446706494452	120.35
28	33518455351	26.78
28	446542833141	113.01
28	48519008248	205.39
28	442866072236	111.88
28	48525128926	219.15
28	48517118700	215.12
28	443892751384	98.43
28	48376237852	172.32
28	394252368397	117.85
28	48596118592	201.80
28	48466199899	202.03
28	49487260748	84.41
28	443938829246	137.84
28	441236243886	81.34
28	48586209958	209.60
28	443885517160	92.30
28	33227879527	28.92
28	33136522114	28.83
28	48247672940	159.47
28	49259781256	85.51
28	48139349045	251.70
28	33270700103	27.98
28	33296019069	29.06
28	48606028266	211.33
28	33404376724	32.27
28	48688812128	215.61
28	446306493048	119.84
28	394858509723	146.35
28	48390960752	206.28
28	48173722342	226.08
28	48592743485	218.90
28	48644427681	174.22
28	442643395897	120.45
28	443276163350	81.40
28	446324740855	97.41
28	48609797671	217.45
28	441315514920	113.39
28	392857449406	116.64
28	391489189926	127.22
28	49571998981	80.64
28	33250525183	29.48
28	48385178422	219.51
28	442801826244	127.71
28	394078943029	81.95
29	33423158001	29.23
29	48259734875	167.98
29	33252694714	30.74
29	48608564949	220.81
29	441968901608	99.47
29	49357708297	85.32
29	48619227770	226.78
29	49566918879	89.12
29	443448713852	108.09
29	48592312229	184.41
29	33523706146	30.28
29	48322129750	200.02
29	48282102142	170.24
29	48311538270	182.48
29	446374171717	119.53
29	48263479814	262.47
29	48406305730	195.84
29	446659302926	108.84
29	48401355920	226.45
29	49632067289	83.58
29	442628859698	118.51
29	48308779746	221.67
29	445899300289	113.58
29	33174114774	29.91
29	48453583917	273.49
29	48131344544	227.62
29	48383929655	173.03
29	442656560858	98.60
29	48406234452	233.41
29	49510748220	86.74
29	48632843316	198.12
29	49606689988	78.87
29	48310567639	236.77
29	446090804299	135.83
29	443899969467	97.26
29	48129490504	201.07
29	48463319658	175.85
29	442953179639	112.49
29	443536943607	117.48
29	444846833582	105.69
29	49308915026	82.14
29	445493851356	85.30
29	444325746148	138.07
29	48309185982	244.24
29	49466391588	86.32
29	49660479506	85.63
29	443001538727	91.60
29	49177488170	92.27
29	48645662843	173.40
29	48429027241	247.19
29	392754167712	118.93
29	48138695380	185.19
29	48269986283	185.37
29	445550015676	97.70
29	33111657559	32.85
29	393644143445	120.24
29	442573323120	136.74
29	48305351778	216.69
29	48519020404	209.26
29	48303085435	188.49
29	48436161617	207.58
29	444962666308	93.89
29	48407375037	211.13
29	49336392198	83.89
29	48432566427	161.66
29	49186546964	77.28
29	48609673858	182.62
29	444065377599	110.61
29	33655685182	28.98
29	48657545687	206.86
29	48206492484	144.90
29	48319564770	216.92
29	49645568412	85.93
29	33644738731	31.55
29	48692794220	240.22
29	48337051805	180.70
29	442723714219	115.05
29	444960751081	89.87
29	48191510729	136.52
29	48490124615	178.88
29	48198754727	157.62
29	33371992263	30.70
29	48626457049	225.68
29	443680808344	93.27
29	48332043743	237.32
29	33455499451	30.95
29	48436755138	215.82
29	445582001904	110.01
29	49574548480	92.19
29	445758723387	104.47
29	48413432361	232.67
29	49141595515	81.96
29	48673018732	174.65
29	48187542016	201.08
29	48418583275	231.99
29	441649064230	115.04
29	49684130881	92.31
29	48662541187	185.76
29	48322768567	169.57
29	446102549394	129.44
29	48491787013	179.72
29	48472206008	175.73
29	391609342660	99.54
29	446885527877	123.82
29	49565497895	83.03
29	48668614116	236.85
29	444031903505	107.14
29	444809515706	119.66
29	446235115640	126.91
29	48165831040	180.10
29	446204968929	85.75
29	49495390742	87.02
29	48459192829	228.02
29	48499439737	231.68
29	396144397260	103.72
29	48188686508	206.67
29	33191305159	29.04
29	443058912931	82.99
29	441985021091	120.35
29	48224409091	207.37
29	48321591457	185.73
29	33496649561	31.27
29	48545534892	231.45
29	49302531003	87.66
29	48444807960	190.93
29	49388757618	93.62
29	48631381372	151.87
29	33689696524	30.90
29	441196432787	92.53
29	48321399745	218.89
29	392357171239	161.53
30	49607575511	68.20
30	445230566556	101.21
30	48401067831	188.92
30	48539080555	188.85
30	444844947475	106.44
30	48296896823	234.17
30	49258332871	92.34
30	48254786419	186.25
30	394689268287	121.84
30	442579302911	112.51
30	48272868784	191.13
30	33454328273	29.87
30	446704585728	120.16
30	446125726139	129.09
30	394044451416	88.91
30	48575669628	212.31
30	445477197305	101.72
30	49170806859	84.74
30	444857198633	86.89
30	441731203342	99.88
30	33434210820	29.19
30	445238049382	90.86
30	444799940767	146.50
30	446545598208	114.16
30	48644941184	186.17
30	33313334057	28.43
30	49409817125	86.07
30	48427637624	191.68
30	391809633932	123.14
30	48368617657	208.32
30	33127110790	29.61
30	49549575185	79.21
30	48591375705	179.52
30	395044574540	155.70
30	445947367778	115.70
30	446908389572	92.40
30	393811790792	131.45
30	49659175528	86.58
30	49650089146	90.41
30	48547219511	192.10
30	48583786828	203.59
30	48124133221	195.16
30	49229934404	86.77
30	446434593109	106.35
30	444583219797	108.07
30	48208735488	153.56
30	33505527508	29.91
30	446536478511	145.38
30	48127114788	213.66
30	33431715880	30.70
30	48277928728	263.79
30	445568296636	85.63
30	443741457536	116.53
30	48133305154	191.00
30	48548173738	232.76
30	48402864515	154.62
30	48567569137	177.61
30	443631330570	126.55
30	48452707735	283.90
30	442483583099	102.62
30	48268937812	195.47
30	446437711756	111.48
30	48367286027	182.59
30	49245577233	80.92
30	33277958005	28.22
30	48412702482	168.32
30	393467256447	97.88
30	48573078928	179.32
30	33506974856	29.04
30	48470064506	211.54
30	33417990652	31.66
30	48249480224	206.73
30	48388988081	211.38
30	49392512342	88.98
30	49695284815	79.24
30	48481685062	213.83
30	443748832848	129.83
30	33449975532	32.51
30	394885543498	151.15
30	49417430324	80.98
30	49517393978	89.74
30	442846842406	143.91
30	444472581534	124.71
30	443453762103	102.98
30	49163353479	90.77
30	48399105985	213.29
30	391673050150	144.69
30	48241077598	174.42
30	49135169814	89.46
30	444944724680	88.88
30	445209884554	98.53
30	394568691966	132.18
30	48295286058	195.41
30	48619337061	262.97
30	49537676152	83.52
30	49318915004	90.79
30	445717938771	109.53
30	48153125431	181.56
30	48141917895	249.39
30	48116947776	196.64
30	444989341630	119.28
30	48567408340	135.37
30	48116425548	138.02
30	442588218793	111.70
30	33256666798	28.26
30	446171262306	135.59
30	49233549872	83.60
30	445614873847	102.62
30	48429402442	230.04
30	445480356254	117.94
30	48399896791	241.05
30	48446797093	207.70
30	48332591346	236.67
30	443310955968	125.00
30	48221546910	213.53
30	49453433909	79.77
30	391272319706	97.14
30	48555754688	156.14
30	444172759329	124.06
30	394187575989	137.29
30	49119921105	92.90
30	442779552815	133.40
30	48696421148	186.03
30	48188679896	198.86
30	391881409447	161.35
30	49343880959	89.13
30	49170438732	95.18
30	48637621841	192.91
30	49683559879	83.53
30	446714400260	107.07
30	49145027113	75.49
31	49240407644	90.88
31	442807983416	110.11
31	48181129861	220.81
31	445130139618	121.63
31	48111886916	139.86
31	48318771562	191.62
31	48441873194	193.48
31	48160516151	199.21
31	442513463877	104.80
31	48564243065	198.19
31	49168081181	91.63
31	48467338253	169.01
31	48303300930	203.61
31	48577072464	199.48
31	443804625475	153.29
31	48634813887	218.09
31	394320062153	112.48
31	446658696225	111.49
31	33148152923	30.96
31	48475131277	195.29
31	49208138515	81.24
31	49375102864	84.34
31	49668656957	78.43
31	49197875231	92.55
31	48594019090	234.09
31	48440092434	222.19
31	48439795193	196.98
31	446008073578	121.23
31	49185893119	88.63
31	48519433961	156.53
31	48496842826	194.33
31	48251552115	166.70
31	33149129007	30.77
31	48538483166	205.01
31	442581849038	93.90
31	33179656221	31.35
31	443104268927	127.38
31	33290408482	28.95
31	49256212232	85.98
31	48460706420	158.34
31	48567299104	195.38
31	48698094913	212.62
31	441577270085	97.83
31	446038289762	91.18
31	443753052032	115.98
31	48452584621	201.94
31	48131582033	190.37
31	48551503234	200.80
31	48248692233	236.02
31	441777044249	100.38
31	441459107068	102.34
31	49241549259	87.63
31	48175225133	162.23
31	48210180771	146.49
31	444804675045	114.69
31	445230645703	134.51
31	49527355895	85.99
31	48544002929	232.83
31	48379949962	191.32
31	48259053654	191.87
31	441417611471	119.93
31	446564549751	95.70
31	48351862964	249.13
31	393439311254	136.72
31	395550239831	156.48
31	48616839209	202.69
31	443201455145	112.96
31	48552242741	247.79
31	48187563910	284.73
31	33464261652	28.57
31	33537406514	31.21
31	393295008794	130.98
31	393329647852	96.01
31	441658110987	103.59
31	48631086193	235.50
31	48641523637	132.40
31	33144200238	31.57
31	48652929160	192.67
31	48253882381	207.01
